9.002360596644847 4.972073338791979 10.964603617915591 7.143671081300241
5.974708177943386 5.993811117468573 3.0150550366019977 6.008761055105029
6.9693357441137325 9.978074951636726 6.0373965609014135 8.111855289183268
6.971797139272333 10.329282644712915 6.090822301523781 6.405680608112483
7.200746452694447 3.91020450081918 6.179221565493805 7.165755842798941
5.089201100448849 3.8345013206390295 13.306700180613507 7.302847711985144
8.0124386413508 5.995081937482831 5.992416368049658 7.096362368384016
7.633227097743844 8.946287172922695 7.713105293616425 7.0760022356782
4.9582948776573 4.981082143370292 9.967083197863964 8.035788353208144
8.955687106240802 10.016804515215997 6.104389643813877 7.093305747901009
